1 Hall1 1 11 11 2023 09 30
2 Hall7 1 11 11 2023 10 30
3 Hall3 1 11 11 2023 11 15
4 Hall1 1 11 11 2023 12 15
5 Hall7 1 11 11 2023 13 00
6 Hall3 1 11 11 2023 13 45
7 Hall1 1 11 11 2023 14 45
8 Hall1 1 11 11 2023 19 45
9 Hall2 1 11 11 2023 21 15
10 Hall5 2 11 11 2023 09 00
11 Hall4 2 11 11 2023 10 00
12 Hall5 2 11 11 2023 11 00
13 Hall4 2 11 11 2023 12 00
14 Hall5 2 11 11 2023 15 00
15 Hall4 2 11 11 2023 20 00
16 Hall5 2 11 11 2023 23 00
17 Hall6 3 11 11 2023 10 15
18 Hall6 3 11 11 2023 14 15
19 Hall3 3 11 11 2023 20 15
20 Hall2 4 11 11 2023 18 15
21 Hall6 5 11 11 2023 12 30
22 Hall3 5 11 11 2023 18 40
23 Hall2 6 11 11 2023 11 30
25 Hall1 8 29 11 2023 03 00
27 Hall6 9 05 12 2023 11 05
28 Hall1 1 21 12 2023 02 45
29 Hall2 7 23 12 2023 22 25
30 Hall3 9 23 12 2023 23 45
